       1    1880   188.4       0       0       2 2512.91 6990.65  1.0000       1    0.00  1.2307       0       0
       1    1908     190       1       0       1 1270.84 4343.60  3.0576       3  182.96  1.2405       0       0
       1    1908   174.2       0       0       1  920.22 3395.81  1.0012       3 2410.73  0.9939   19354       0
       1    1908   147.3       1       0       1 1114.79 2104.82  0.9493       1    0.00  1.1071   34968       0
       1    1908   143.3       0       0       4 1031.74 2513.12  0.9575       4  305.44  0.9971   46540       0
       1    1908   142.9       0       0       4 1026.33 2511.07  0.9575       3  301.36  0.9924       0       0
       1    1908   111.1       0       0       1 1320.35 4548.42  0.9083       2  150.91  0.9975       0       0
       1    1948     175       0       0       1  777.15 2005.43  0.3474       4   41.31  1.0622  218751       0
       1    1948     175       0       0       1  785.89 2059.48  0.3474       4   38.28  1.0605  218751       0
       1    1948   120.4       1       0       3 1058.79 7030.71  0.8318       4  331.94  0.9531       0       0
       1    1948   106.9       1       0       1  771.31 2343.31  0.3333       3  747.37  0.8944   28469       0
       1    1948    88.4       1       0       4  729.29 1568.95  0.1452       4  678.76  1.2072       0       0
       1    1948    66.4       1       0       4  786.26 1434.95  0.1701       4  628.65  1.1813  484585       0
       1    1948    64.9       1       0       1  989.11 1986.21  0.2529       1    0.00  1.2069  101877       0
       1    1948      54       1       1       2  507.72  926.82  0.1774       4  402.10  1.4051   28466       0
       1    1948      39       1       0       4 1952.94 2346.00  1.0270       3  395.83  1.1451  262737       0
       1    1948      23       1       0       3 1739.25 2394.66  0.9798       4  601.48  2.2450       0       0
       1    1948    22.6       1       0       3 1088.26 2335.72  0.9798       4 1096.35  2.4133       0       0
       1    1948    22.1       1       0       3  847.22 2364.42  1.0475       4 1334.05  2.3297       0       0
       1    1948     6.4       1       0       4 1058.32 4842.77  0.6752       4 2626.95  1.4766  195012       0
       1    1948     6.2       1       0       4  969.09 4994.90  0.6752       4 2993.38  1.2964  128182       0
       1    1948     5.2       1       0       3 1000.78 3965.51  0.0778       4 2708.54  1.1736       0       0
       1    1948     4.6       1       0       3 1134.32 2395.85  0.0778       4 1006.26  1.1620  267615       0
       1    1948     3.2       1       1       3 1038.67 3065.44  0.2318       4  179.19  1.1806   73029       0
       1    1948     2.8       1       0       3  792.66 3109.09  0.2318       4   97.18  1.1989       0       0
       1    1948     2.7       1       0       3  746.07 3255.53  0.2318       4  286.63  1.2057       0       0
       1    1998     165       1       1       3  890.12 2453.28  0.3899       3  625.64  1.1320       0       0
       1    1998     157       1       0       1    7.78  137.21  0.9982       4   29.75  1.0903       0       0
       1    1998     157       1       0       1   52.53  140.19  0.9982       2   91.56  1.0934       0       0
       1    1998     157       1       0       1   55.62  144.07  0.9982       2   93.50  1.0871       0       0
       1    1998     157       0       0       1   63.37  134.83  0.9982       2   56.63  1.6665       0       0
       1    1998     116       1       1       3  544.52 5472.67  0.2382       3 2894.75  0.9417   21054       0
       1    1998     113       1       1       4  959.25 3773.63  0.2544       3  591.43  0.9772   77628       0
       1    1998      98       0       0       1 1219.46 2696.70  0.3318       4 1251.63  1.0159   77100       0
       1    1998      34       1       0       3  808.72 1976.37  0.0947       4  397.97  1.0638       0       0
       0    1880  148.89       0       0       2 1833.82 3151.30  1.0000       4 1289.10  1.1200   16461       0
       0    1908  189.89       0       0       3 1145.03 2553.87  3.0576       3  411.30  1.2316       0       0
       0    1908  168.65       1       0       4 1191.38 2494.99  2.9619       4  906.57  1.0139   96242       0
       0    1908  162.56       0       0       1 1109.99 2207.88  0.3663       4  862.12  1.0589       0       0
       0    1908  145.71       1       0       4 1890.21 1976.53  0.9398       3   78.99  1.0656   33828       0
       0    1908   139.5       1       0       1 1688.97 4470.53  0.9735       4 1744.27  0.9798   37179       0
       0    1908  134.29       0       0       4 1161.63 2194.63  0.9048       4  766.28  0.9264   39509       0
       0    1948  162.88       0       0       4  905.82 2593.26  0.3601       4  264.50  1.0166   27536       0
       0    1948  138.68       0       0       1 1458.99 4443.97  0.9700       4 2617.14  0.9562  141392       0
       0    1948  120.65       1       0       3 1700.17 2242.60  1.0110       4  455.51  0.9475       0       0
       0    1948  117.46       0       1       2  966.94 5328.61  0.7724       3  278.46  0.9123  465844       0
       0    1948  103.03       0       0       4 1199.02 1915.33  0.5560       3  276.50  0.9388   45002       0
       0    1948  101.84       0       0       4  544.59 2509.08  0.3444       3  154.29  0.9388   21356       0
       0    1948   90.49       1       0       1  791.79 2963.92  0.2028       4  777.93  1.1443   33720       0
       0    1948   78.43       0       0       1  620.37 3181.92  0.7487       2   91.35  1.3160       0       0
       0    1948   67.37       1       0       4  980.45 2358.61  0.2319       4 1359.94  1.1294   49801       0
       0    1948   61.22       0       0       4 1103.73 4767.67  0.2807       4  645.60  1.1975   88898       0
       0    1948   59.32       0       0       1 1295.65 3818.05  0.5115       4 1831.86  1.2172   65046       0
       0    1948   50.54       0       1       2 1549.97 2146.23  0.2098       2  196.50  1.4417  608131       0
       0    1948    49.1       0       1       2 2019.98 4419.86  0.2324       4  338.54  1.4389  170752       0
       0    1948   31.78       0       0       4 1084.48 2746.72  0.5566       4  808.71  1.1135   20372       0
       0    1948   30.93       1       0       3 1218.13 3224.27  0.6545       2  334.22  1.1909  274641       0
       0    1948   24.59       0       0       3  924.17 2325.73  0.4130       4 1124.02  2.5775  159881       0
       0    1948   20.21       1       0       3  480.53 3961.62  0.4000       3 1256.39  2.1341   68610       0
       0    1948    6.75       1       0       3 1075.89 2541.19  0.1882       2  458.18  1.2620  292129       0
       0    1948    3.84       1       0       3 1038.03 3240.47  0.2014       4  386.12  1.2185  872528       0
       0    1998   156.5       1       0       4 1012.39 1712.20  0.9982       3  677.67  1.0942   84545       0
       0    1998  148.05       1       1       4 1024.28 2315.98  0.9540       3  985.01  1.0785   51802       0
       0    1998   139.7       0       0       4  754.76 1781.10  0.6468       4  982.09  1.0415   37179       0
       0    1998  108.83       0       0       4  608.49  777.24  0.1155       4  116.70  0.9500   20388       1
       0    1998   96.69       0       0       1 1067.31 2580.24  0.2118       3   57.22  1.0134  285348       0
       0    1998   95.48       0       0       1  820.81 2202.22  0.0823       3  470.81  1.0088  131347       0
       0    1998   92.94       0       1       4  568.06 3196.81  0.3268       3 2577.53  1.0966   27980       0
       0    1998   92.66       0       1       4  646.59 3393.07  0.3268       3 2714.91  1.0803       0       0
       0    1998     6.5       1       0       3  783.30 3786.90  0.2078       3  471.00  1.2376  211688       0
